10000 -20 240 20 240
10000 3328 240 20 240
10000 3248 48 80 48 
10002 0 24 288 24
10002 352 24 256 24
10002 672 24 736 24
10002 1504 24 224 24
10003 1792 0 1536 10
10001 32 126 736 10
10001 160 94 96 10
10001 256 62 32 10
10000 288 30 64 30
10001 352 62 32 10
10001 416 94 64 10
10000 608 30 64 30
10001 640 78 96 10
10001 896 126 160 10
10001 1184 126 256 10
10001 1376 158 512 10
10000 1408 30 96 30
10001 1504 78 64 10
10001 1600 94 224 10
10000 1728 30 192 10
10001 1856 126 224 10
10001 1920 62 64 10
10001 2016 62 64 10
10001 2048 158 160 10
10001 2112 78 32 10
10001 2176 94 96 10
10001 2240 126 64 10
10001 2336 94 64 10
10000 2336 30 32 10
10001 2368 62 96 10
10001 2464 126 64 10
10001 2496 158 64 10
10001 2496 30 32 10
10001 2528 78 32 10
10001 2592 126 64 10
10001 2624 94 160 10
10000 2720 30 96 10
10001 2848 62 64 10
10001 2944 94 64 10
10001 3008 126 128 10
10000 3008 30 320 10
10001 3040 78 96 10
10001 3136 94 32 10
10001 3168 62 32 10
10004 768 128 1 0
10004 800 128 1 600
10004 832 128 1 1200
10004 864 128 1 1600
10004 1056 128 2 0
10004 1088 128 2 600
10004 1120 128 2 1200
10004 1152 128 2 1600
10 40 200 0 0
40 300 90 0 0
40 640 90 0 0
40 1280 170 0 0
40 2368 140 0 0
50 1340 150 0 0
50 1546 182 0 0
80 1248 96 1 0
80 1632 128 1 0
80 1824 128 1 0
80 2976 64 1 0
80 3104 64 1 0
90 2048 96 0 0
90 2176 192 0 0
90 2752 128 0 0
160 320 96 0 12
160 1568 96 0 5
160 2272 64 0 18
170 240 176 0 17
170 1120 150 0 18
170 2320 150 0 17
170 2320 48 0 11
210 3230 166 0 0
180 3212 106 0 0
190 3234 106 0 0
200 3222 82 0 0
220 3216 64 0 0
220 3216 96 0 0
220 3248 64 150 0
220 3248 96 150 0
220 3280 64 300 0
220 3280 96 300 0
220 3312 64 450 0
220 3312 96 450 0
10006 3216 160 112 64
11020 465 130 0 500
11020 360 160 0 0
11020 520 160 0 0
11020 750 160 0 0
11020 1230 160 0 0
11020 1300 160 0 500
11020 1420 160 0 0
11020 1520 190 0 500
11020 1720 190 0 0
11020 1860 190 0 0
11020 1800 130 0 0
11020 2060 160 0 0
11020 2192 190 0 0
11020 2284 160 0 0
11020 2450 110 0 0
11020 2540 190 0 0
11020 2732 130 0 0
11020 3050 190 0 0