[SPRITES]
999900	0	0	31	31	21
999901	80	16	111	47	21
999902	140	16	171	47	21
#START screen
989900	0	0	255	239	102

#selection icon
979900	37	159	52	168	102
979901	0	159	15	168	102
979902	140	16	155	25	21

#ROCK
969900	585	455	650	520	100

969800	260	455	325	520	101
969801	325	455	390	520	101
969802	390	455	455	520	101
969803	455	455	520	520	101
#fire
959900	195	520	260	585	100
[ANIMATIONS]
99990	999900	10000
99980	999901	400	999900	400
#blinking with icon
99970	979900	400	979901	400
#blinking with icon size
99870	979902	400	979901	400
#rock
96990	969900	5000
96980	969800	150	969801	150	969802	150	969803	150
95990	959900	5000	1