# id	left	top	right	bottom	texture_id
###########NORMAL##############
# id	left	top	right	bottom	texture_id
###########SWIM##############
[SPRITES]
#IDLE
1700001	521	9	584	72	1
1700002	586	9	659	72	1
#WALK RIGHT

1701001	1	9	64	72	1
1701002	66	9	129	72	1
1701003	131	9	194	72	1
1701004	196	9	259	72	1
1701005	261	9	324	72	1
1701006	326	9	389	72	1

#WALK SHOOTING

1702101	391	9	454	72	1
1702102	456	9	519	72	1
1702103	521	9	584	72	1

#WALK AIM UP
1701201	1	74	64	137	1
1701202	66	74	129	137	1
1701203	131	74	194	137	1


#WALK AIM DOWN

1701101	391	74	454	137	1
1701102	456	74	519	137	1
1701103	521	74	584	137	1



#AIM UP
1705001	781	9	844	72	1

#SHOOTING UP
1705101	781	9	844	72	1
1705102	846	9	909	72	1
#JUMP
1704001	781	74	844	137	1
1704002	846	74	909	137	1
1704003	911	74	974	137	1
1704004	976	74	1039	137	1

#SIT RIGHT & LEFT 
1703001	911	9	974	72	1
#SIT SHOOTING
1703101	986	9	1054	72	1

#DIE
1709901	976	204	1039	267	1
#DIE JUMP
1709801	781	139	844	202	1
1709802	846	139	909	202	1
1709803	911	139	974	202	1
1709804	976	139	1039	202	1

# ani_id	sprite1_id	time1	sprite2_id	time2	...
[ANIMATIONS]
170000	1700001	100
#STANDSTILL AND SHOOTING
170010	1700002	50	1700001	100

#RUNNING RIGHT & LEFT
170100	1701001	100	1701002	100	1701003	100	1701004	100	1701005	100	1701006	100

#WALK AND SHOOT STRAIGHT
170200	1702101	100	1702102	100	1702103	100

#JUMP
170400	1704001	150	1704002	150	1704003	150	1704004	150

#AIM UP
170500	1705001	50
#AIM UP SHOOTING
170510	1705102	50	1705101	100
#WALK AIM DOWN
170110	1701101	150	1701102	150	1701103	150
#WALKING SHOOTING AIM DOWN
170210	1701101	150	1701102	150	1701103	150

#WALK AIM UP
170120	1701201	150	1701202	150	1701203	150
#WALK SHOOTING AIM UP
170220	1701201	150	1701202	150	1701203	150
#AIM UP
170500 1705001 1000
#SIT RIGHT
170300	1703001	100
#SIT AND SHOOTING
170310	1703101	50	1703001	100
###########SWIM##############
[SPRITES]
#IDLE
1710001	66	139	129	202	1

#WALK RIGHT

1711001	66	139	129	202	1
1711002	131	139	194	202	1

#SHOOT RIGHT
1712001	196	139	259	202	1
1712002	261	139	324	202	1
#SHOOT RIGHT UP
1712101	326	139	389	202	1
1712102	391	139	454	202	1

#SHOOT UP
1712201	456	139	519	202	1
1712202	521	139	584	202	1

#LIE
1713010	586	139	649	202	1
1713011	651	139	714	202	1

[ANIMATIONS]
#idle
171000	110001	50
#walk right & left
171100	1711001	150	1711002	150
#SHOOT RIGHT & left
171200	1712001	50	1712002	50
#shoot up 
171220	1712201	50
#shoot up right
171210	1712101	50
#LIE
171301	1713010	150	1713011	150