# id	left	top	right	bottom	texture_id
###########NORMAL##############
# id	left	top	right	bottom	texture_id
###########SWIM##############
[SPRITES]
#IDLE
100001	521	9	584	72	0
100002	586	9	659	72	0
#WALK RIGHT

101001	1	9	64	72	0
101002	66	9	129	72	0
101003	131	9	194	72	0
101004	196	9	259	72	0
101005	261	9	324	72	0
101006	326	9	389	72	0

#WALK SHOOTING

102101	391	9	454	72	0
102102	456	9	519	72	0
102103	521	9	584	72	0

#WALK AIM UP
101201	1	74	64	137	0
101202	66	74	129	137	0
101203	131	74	194	137	0


#WALK AIM DOWN

101101	391	74	454	137	0
101102	456	74	519	137	0
101103	521	74	584	137	0



#AIM UP
105001	781	9	844	72	0

#SHOOTING UP
105101	781	9	844	72	0
105102	846	9	909	72	0

#JUMP
104001	781	74	844	137	0
104002	846	74	909	137	0
104003	911	74	974	137	0
104004	976	74	1039	137	0

#SIT RIGHT & LEFT 
103001	911	9	974	72	0
#SIT SHOOTING
103101	986	9	1054	72	0

#DIE
109901	976	204	1039	267	0
#DIE JUMP
109801	781	139	844	202	0
109802	846	139	909	202	0
109803	911	139	974	202	0
109804	976	139	1039	202	0

# ani_id	sprite1_id	time1	sprite2_id	time2	...
[ANIMATIONS]
10000	100001	100
#STANDSTILL AND SHOOTING
10010	100002	50	100001	100

#RUNNING RIGHT & LEFT
10100	101001	100	101002	100	101003	100	101004	100	101005	100	101006	100

#WALK AND SHOOT STRAIGHT
10200	102101	100	102102	100	102103	100

#JUMP
10400	104001	150	104002	150	104003	150	104004	150

#AIM UP
10500	105001	50
#AIM UP SHOOTING
10510	105102	50	105101	100
#WALK AIM DOWN
10110	101101	150	101102	150	101103	150
#WALKING SHOOTING AIM DOWN
10210	101101	150	101102	150	101103	150

#WALK AIM UP
10120	101201	150	101202	150	101203	150
#WALK SHOOTING AIM UP
10220	101201	150	101202	150	101203	150
#AIM UP
10500 105001 1000
#SIT RIGHT
10300	103001	100
#SIT AND SHOOTING
10310	103101	50	103001	100
#DIE
10990	109901	100
#DIE JUMP
10980	109801	150	109802	150	109803	150	109804	150
###########SWIM##############
[SPRITES]
#IDLE
110001	66	139	129	202	0

#WALK RIGHT

111001	66	139	129	202	0
111002	131	139	194	202	0

#SHOOT RIGHT
112001	196	139	259	202	0
112002	261	139	324	202	0
#SHOOT RIGHT UP
112101	326	139	389	202	0
112102	391	139	454	202	0

#SHOOT UP
112201	456	139	519	202	0
112202	521	139	584	202	0

#LIE
113010	586	139	649	202	0
113011	651	139	714	202	0

[ANIMATIONS]
#idle
11000	110001	50
#walk right & left
11100	111001	150	111002	150
#SHOOT RIGHT & left
11200	112001	50	112002	50
#shoot up 
11220	112201	50
#shoot up right
11210	112101	50
#LIE
11301	113010	150	113011	150