[SPRITES]
#walk
201001	158	17	173	48	10
201002	175	17	190	48	10
201003	192	17	207	48	10
201004	209	17	224	48	10
201005	226	17	241	48	10
201006	243	17	258	48	10
# Aim
200101	260	17	284	48	10
200102	286	17	310	48	10
#Lie
200301	260	17	284	48	10
200302	286	17	310	48	10
#Die
209901	378	17	393	44	10
309901	395	17	410	44	10
#HIDE
503001	420	42	427	48	10
#
[ANIMATIONS]
#WALK
20100	201001	50	201002	50	201003	50	201004	50	201005	50	201006	50
#AIMING
20010	200101	50
#SHOOTHING
20110	200102	50	200101	50
#DIE
20990	209901	50