[SPRITES]
#ANI_ANGLE_6_OCLOCK (look down)
802901	39	174	70	205	103

#ANI_ANGLE_5_OCLOCK
802601	73	174	104	205	103

#ANI_ANGLE_4_OCLOCK
802501	73	140	104	171	103

#AIM STRAIGHT (ANI_ANGLE_3_OCLOCK)
800101	73	106	104	137	103

#ANI_ANGLE_2_OCLOCK
802701	73	72	104	103	103

#ANI_ANGLE_1_OCLOCK
802801	73	38	104	69	103

#Look up (ANI_ANGLE_12_OCLOCK)
805001	39	38	70	69	103
#11
803001	5	38	36	69	103

#10
803101	5	72	36	103	103

#9
803201	5	106	36	137	103

#8
803301	5	140	36	171	103

#7
803401	5	174	36	205	103



#idle
800001	39	106	70	137	103
#open
802401	39	72	70	103	103
[ANIMATIONS]
#11
80300	803001	50000
#10
80310	803101	50000
80320	803201	50000
80330	803301	50000
80340	803401	50000

#6
80290	802901	50000
#5
80260	802601	50000
#4
80250	802501	50000
#3
80010	800101	50000
#2
80270	802701	50000
#1
80280	802801	50000
#0
80500	805001	50000
#idle
80980	802401	300	800001	300	800001	50	1
#open
80020	800001	300	802401	300	802401	50	1
#die
80000	802401	50000