[SPRITES]
9598001	39	4	70	35	103
9598002	73	4	104	35	103
9598003	107	4	138	35	103
9598004	141	4	172	35	103
9598005	174	4	205	35	103
9598006	208	4	239	35	103
9598007	242	4	273	35	103
#box
9597000	76	146	99	159	105
#M
9597001	130	130	195	195	101
#B
9597002	195	130	260	195	101
#F
9597003	260	130	325	195	101
#S
9597004	325	130	390	195	101
#L
9597005	390	130	455	195	101
#R
9597006	455	130	520	195	101
#flying box
9597007	0	0	65	65	101
[ANIMATIONS]
#hide
959810	9598007	50	9598006	50	9598005	50	9598004	50	9598003	50	9598002	50	9598001	50	9598001	100	1
#wind up
959800	9598001	50	9598002	50	9598003	50	9598004	50	9598005	50	9598006	50	9598007	50	9598007	100	1
#loop
958810	9598005	200	9598007	200

958820	9597000	100
958830	9597001	100
958840	9597002	100
958850	9597003	100
958860	9597004	100
958870	9597005	100
958880	9597006	100
958890	9597007	1000